74
14
18
176
167
0
77
379
10326
21
12
1810
3257
38
6499
16
124
101
602
161
35
cat
178
829
71910
73158
164
115
1390
362
70
318
24
6243
1084
3709
176
1221
0
8746
5
72
3800
hamster
575
100
1857
3603
191
2282
4846
6370
106648
3
4846
201
6247
153
434
168
36
148
30603
97
8700
78
5000
7110
0
해바라기
85
77
12741
539
105
9052
6
8993
4982
792
51181
\0/
66
12399
17075
10
29
36973
236
137
751
6514
40994
5729
123
2
100
121
710
1778
24361
175
2543
2604